2020/06/01 11:57:30.328127,ETH/BTC,bid,0.02482205,23.9999428
2020/06/01 11:57:30.328127,ETH/BTC,bid,0.02481485,65.
2020/06/01 11:57:30.328127,ETH/BTC,bid,0.02480983,0.39562087
2020/06/01 11:57:30.328127,ETH/BTC,bid,0.02480883,8.05447423
2020/06/01 11:57:30.328127,ETH/BTC,bid,0.02480882,3.
2020/06/01 11:57:30.328127,ETH/BTC,bid,0.02480866,3.702
2020/06/01 11:57:30.328127,ETH/BTC,bid,0.02480841,31.13304484
2020/06/01 11:57:30.328127,ETH/BTC,bid,0.02480509,28.
2020/06/01 11:57:30.328127,ETH/BTC,bid,0.02479438,15.16106944
2020/06/01 11:57:30.328127,ETH/BTC,bid,0.02479437,32.6
2020/06/01 11:57:30.328127,ETH/BTC,bid,0.02478369,34.
2020/06/01 11:57:30.328127,ETH/BTC,bid,0.02477222,25.
2020/06/01 11:57:30.328127,ETH/BTC,bid,0.02476093,17.73
2020/06/01 11:57:30.328127,ETH/BTC,bid,0.02476092,34.
2020/06/01 11:57:30.328127,ETH/BTC,bid,0.02475862,0.043005
2020/06/01 11:57:30.328127,ETH/BTC,bid,0.02475806,1.950333
2020/06/01 11:57:30.328127,ETH/BTC,bid,0.02475656,0.02762096
2020/06/01 11:57:30.328127,ETH/BTC,bid,0.02475184,28.1
2020/06/01 11:57:30.328127,ETH/BTC,bid,0.02475087,0.05377588
2020/06/01 11:57:30.328127,ETH/BTC,bid,0.02475,0.007553
2020/06/01 11:57:30.328127,ETH/BTC,bid,0.02474968,0.05700073
2020/06/01 11:57:30.328127,ETH/BTC,bid,0.02474928,59.84
2020/06/01 11:57:30.328127,ETH/BTC,bid,0.02474169,0.13431224
2020/06/01 11:57:30.328127,ETH/BTC,bid,0.02473076,0.33171489
2020/06/01 11:57:30.328127,ETH/BTC,bid,0.02471974,7.84624979
2020/06/01 11:57:30.328127,ETH/BTC,bid,0.02471538,0.008
2020/06/01 11:57:30.328127,ETH/BTC,bid,0.02471438,0.02052438
2020/06/01 11:57:30.328127,ETH/BTC,bid,0.02470443,0.0239958
2020/06/01 11:57:30.328127,ETH/BTC,bid,0.02470103,0.0403
2020/06/01 11:57:30.328127,ETH/BTC,bid,0.0247,0.0202247
2020/06/01 11:57:30.328127,ETH/BTC,bid,0.02469996,0.17531016
2020/06/01 11:57:30.328127,ETH/BTC,bid,0.02469766,0.10000948
2020/06/01 11:57:30.328127,ETH/BTC,bid,0.02469449,0.25531322
2020/06/01 11:57:30.328127,ETH/BTC,bid,0.02468355,0.00507048
2020/06/01 11:57:30.328127,ETH/BTC,bid,0.02465957,18.15353871
2020/06/01 11:57:30.328127,ETH/BTC,bid,0.02465956,0.05070041
2020/06/01 11:57:30.328127,ETH/BTC,bid,0.02465928,585.86
2020/06/01 11:57:30.328127,ETH/BTC,bid,0.02465582,0.01036799
2020/06/01 11:57:30.328127,ETH/BTC,bid,0.02465054,0.0854034
2020/06/01 11:57:30.328127,ETH/BTC,bid,0.02464927,0.01036799
2020/06/01 11:57:30.328127,ETH/BTC,bid,0.02462925,0.23887488
2020/06/01 11:57:30.328127,ETH/BTC,bid,0.02462584,0.05898032
2020/06/01 11:57:30.328127,ETH/BTC,bid,0.02461948,0.00757263
2020/06/01 11:57:30.328127,ETH/BTC,bid,0.02461551,0.15525084
2020/06/01 11:57:30.328127,ETH/BTC,bid,0.02460586,0.32024891
2020/06/01 11:57:30.328127,ETH/BTC,bid,0.0246,7.04478781
2020/06/01 11:57:30.328127,ETH/BTC,bid,0.02459793,0.0403
2020/06/01 11:57:30.328127,ETH/BTC,bid,0.02458998,0.05954049
2020/06/01 11:57:30.328127,ETH/BTC,bid,0.02457168,39.36593838
2020/06/01 11:57:30.328127,ETH/BTC,bid,0.02457165,0.10632172
2020/06/01 11:57:30.328127,ETH/BTC,ask,0.02482611,24.
2020/06/01 11:57:30.328127,ETH/BTC,ask,0.024827,84.1436
2020/06/01 11:57:30.328127,ETH/BTC,ask,0.02483552,3.
2020/06/01 11:57:30.328127,ETH/BTC,ask,0.024838,8.05559186
2020/06/01 11:57:30.328127,ETH/BTC,ask,0.0248405,8.0553536
2020/06/01 11:57:30.328127,ETH/BTC,ask,0.02484174,3.038308
2020/06/01 11:57:30.328127,ETH/BTC,ask,0.02484175,3.
2020/06/01 11:57:30.328127,ETH/BTC,ask,0.02484674,15.
2020/06/01 11:57:30.328127,ETH/BTC,ask,0.02484675,5.67035445
2020/06/01 11:57:30.328127,ETH/BTC,ask,0.02484676,65.
2020/06/01 11:57:30.328127,ETH/BTC,ask,0.02484916,15.
2020/06/01 11:57:30.328127,ETH/BTC,ask,0.02484917,4.01954053
2020/06/01 11:57:30.328127,ETH/BTC,ask,0.0248492,8.05467508
2020/06/01 11:57:30.328127,ETH/BTC,ask,0.02485346,5.
2020/06/01 11:57:30.328127,ETH/BTC,ask,0.02485976,28.
2020/06/01 11:57:30.328127,ETH/BTC,ask,0.0248695,32.7
2020/06/01 11:57:30.328127,ETH/BTC,ask,0.02487069,33.38855203
2020/06/01 11:57:30.328127,ETH/BTC,ask,0.02488011,29.7
2020/06/01 11:57:30.328127,ETH/BTC,ask,0.02488692,0.16396249
2020/06/01 11:57:30.328127,ETH/BTC,ask,0.02489176,28.
2020/06/01 11:57:30.328127,ETH/BTC,ask,0.02489579,17.73
2020/06/01 11:57:30.328127,ETH/BTC,ask,0.02490339,31.9
2020/06/01 11:57:30.328127,ETH/BTC,ask,0.02490721,0.0403
2020/06/01 11:57:30.328127,ETH/BTC,ask,0.02491444,29.
2020/06/01 11:57:30.328127,ETH/BTC,ask,0.02492065,59.84
2020/06/01 11:57:30.328127,ETH/BTC,ask,0.02493101,0.0050201
2020/06/01 11:57:30.328127,ETH/BTC,ask,0.02494322,0.00752332
2020/06/01 11:57:30.328127,ETH/BTC,ask,0.02494399,585.86
2020/06/01 11:57:30.328127,ETH/BTC,ask,0.02495048,0.28929251
2020/06/01 11:57:30.328127,ETH/BTC,ask,0.02496316,70.19190537
2020/06/01 11:57:30.328127,ETH/BTC,ask,0.02498057,0.23718921
2020/06/01 11:57:30.328127,ETH/BTC,ask,0.02500933,0.05
2020/06/01 11:57:30.328127,ETH/BTC,ask,0.0250103,0.0403
2020/06/01 11:57:30.328127,ETH/BTC,ask,0.02501223,0.05
2020/06/01 11:57:30.328127,ETH/BTC,ask,0.02505565,0.66
2020/06/01 11:57:30.328127,ETH/BTC,ask,0.02505567,0.0049951
2020/06/01 11:57:30.328127,ETH/BTC,ask,0.0250652,0.31460658
2020/06/01 11:57:30.328127,ETH/BTC,ask,0.02509994,2.41290641
2020/06/01 11:57:30.328127,ETH/BTC,ask,0.0251,0.29899492
2020/06/01 11:57:30.328127,ETH/BTC,ask,0.02510253,0.02182034
2020/06/01 11:57:30.328127,ETH/BTC,ask,0.025106,0.01773776
2020/06/01 11:57:30.328127,ETH/BTC,ask,0.02510668,0.00747434
2020/06/01 11:57:30.328127,ETH/BTC,ask,0.02510945,0.02182034
2020/06/01 11:57:30.328127,ETH/BTC,ask,0.02511148,0.3378785
2020/06/01 11:57:30.328127,ETH/BTC,ask,0.0251134,0.0403
2020/06/01 11:57:30.328127,ETH/BTC,ask,0.02512617,0.37864651
2020/06/01 11:57:30.328127,ETH/BTC,ask,0.02512671,0.25627896
2020/06/01 11:57:30.328127,ETH/BTC,ask,0.02514,9.9925
2020/06/01 11:57:30.328127,ETH/BTC,ask,0.0251481,0.94049084
2020/06/01 11:57:30.328127,ETH/BTC,ask,0.0251581,0.23551544
2020/06/01 11:57:30.328127,DOGE/BTC,bid,0.00000026,87431862.994728
2020/06/01 11:57:30.328127,DOGE/BTC,bid,0.00000025,82905312.957046
2020/06/01 11:57:30.328127,DOGE/BTC,bid,0.00000024,58455235.868914
2020/06/01 11:57:30.328127,DOGE/BTC,bid,0.00000023,45295510.680543
2020/06/01 11:57:30.328127,DOGE/BTC,bid,0.00000022,28883197.900196
2020/06/01 11:57:30.328127,DOGE/BTC,bid,0.00000021,41585004.62434
2020/06/01 11:57:30.328127,DOGE/BTC,bid,0.0000002,28689560.852198
2020/06/01 11:57:30.328127,DOGE/BTC,bid,0.00000019,10850804.064822
2020/06/01 11:57:30.328127,DOGE/BTC,bid,0.00000018,11820248.882605
2020/06/01 11:57:30.328127,DOGE/BTC,bid,0.00000017,3900157.0068817
2020/06/01 11:57:30.328127,DOGE/BTC,bid,0.00000016,13938329.450149
2020/06/01 11:57:30.328127,DOGE/BTC,bid,0.00000015,6474427.2288027
2020/06/01 11:57:30.328127,DOGE/BTC,bid,0.00000014,96794378.870863
2020/06/01 11:57:30.328127,DOGE/BTC,bid,0.00000013,4791676.3438906
2020/06/01 11:57:30.328127,DOGE/BTC,bid,0.00000012,11343134.75
2020/06/01 11:57:30.328127,DOGE/BTC,bid,0.00000011,1508684.8181818
2020/06/01 11:57:30.328127,DOGE/BTC,bid,0.0000001,5412412.2
2020/06/01 11:57:30.328127,DOGE/BTC,bid,0.00000009,1752716.
2020/06/01 11:57:30.328127,DOGE/BTC,bid,0.00000008,1066874.125
2020/06/01 11:57:30.328127,DOGE/BTC,bid,0.00000007,879109.42857143
2020/06/01 11:57:30.328127,DOGE/BTC,bid,0.00000006,882432.16666667
2020/06/01 11:57:30.328127,DOGE/BTC,bid,0.00000005,1124531.94
2020/06/01 11:57:30.328127,DOGE/BTC,bid,0.00000004,66250.
2020/06/01 11:57:30.328127,DOGE/BTC,bid,0.00000003,36771485.666667
2020/06/01 11:57:30.328127,DOGE/BTC,bid,0.00000002,4867186.4138274
